1004422
1004423
1004424
1004425
1004426
1102775
1102794
1102795
1102796
1102797
1082636
1082637
1082638
1082639
1082640
1052882
1052887
1052888
1052889
1052890
1073030
1073032
1073033
1073034
1073035
1212115
1212121
1213017
1213028
1222109
1222114
1232109
1232114
1242116
1242120
1242123
1242124
1262017
1262040
1272016
1272021
1282016
1282022
1292017
1292028
1302333
1302344
1312199
1312204
1322250
1322256
1332274
1332280
1342101
1342105
1362135
1362141
1372222
1372229
1382259
1382266
1402251
1402260
1412177
1412182
1422184
1422190
1432214
1432219
1442268
1442276
1452252
1452258
1462239
1462244
1472261
1472266
1482216
1482222
1492231
1492236
1522138
1522144
1532144
1532148
1582017
1582027
1592019
1592028
1690203
1690315
1690316
1690317
1690318
1690319
1690320
1152174
1152176
1152177
1152178
1152179
1004808
1004809
1004810
1004811
1004812
1102940
1102941
1102942
1102943
1102944
1082695
1082696
1082697
1082698
1082699
1053063
1053064
1053065
1053066
1053067
1073158
1073159
1073160
1073161
1073162
1212120
1212131
1213018
1213030
1222113
1222124
1232113
1232124
1242121
1242122
1242144
1242145
1262039
1262053
1272017
1272043
1282017
1282043
1292018
1292030
1302343
1302359
1312203
1312215
1322255
1322266
1332279
1332291
1342104
1342110
1362140
1362151
1372228
1372239
1382265
1382276
1402259
1402271
1412181
1412191
1422189
1422199
1432218
1432229
1442274
1442287
1452257
1452269
1462243
1462254
1472265
1472277
1482221
1482234
1492235
1492247
1522143
1522154
1532150
1532159
1582023
1582046
1592020
1592037
1690204
1690321
1690322
1690323
1690324
1690325
1690326
1152196
1152197
1152198
1152199
1152200
1212063
1212127
1212130
1212133
1213016
1213039
1213040
1222058
1222120
1222123
1222126
1232057
1232120
1232123
1232126
1242060
1242061
1242136
1242137
1242142
1242143
1242148
1242149
1262016
1262048
1262052
1262056
1272015
1272037
1272041
1272046
1282015
1282037
1282041
1282046
1292016
1292039
1292040
1302275
1302353
1302356
1302361
1312153
1312210
1312214
1312218
1322203
1322262
1322265
1322270
1332225
1332287
1332290
1332293
1342082
1362090
1362147
1362150
1362153
1372177
1372235
1372238
1372241
1382208
1382272
1382275
1382278
1402196
1402266
1402269
1402273
1412135
1412187
1412190
1412193
1422140
1422195
1422198
1422201
1432167
1432225
1432228
1432231
1442223
1442283
1442286
1442289
1452205
1452264
1452267
1452272
1462193
1462250
1462253
1462256
1472214
1472273
1472276
1472279
1482168
1482230
1482233
1482236
1492179
1492243
1492246
1492250
1522094
1522150
1522153
1522156
1532098
1532155
1532158
1532162
1582016
1582042
1582045
1582049
1592018
1592029
1592035
1592040
